10083733
10188893
10233898
10319582
10319583
10319591
10390011
10429361
10429368
10458483
10458491
10503604
10581255
10587015
10638982
10646887
10670750
10670762
10682662
10688828
10688845
10697967
10721675
10721676
10721678
10721679
10732761
10755399
10768621
10780518
10807536
10807542
10828047
10864200
10864201
10865320
10867787
10877552
10887115
10887119
10887125
10887149
10891444
10891452
10891990
10910929
10944848
10944854
10944855
10944856
10944860
10952777
10980774
10993647
10997552
11030797
11146721
11146732
11176968
11185740
11185742
11185745
11185747
11216660
11289719
11336399
11346368
11405816
11456260
11461073
11556836
11559313
11700157
11700162
11709001
11710890
11710892
11720435
11831930
11843700
11868598
11879142
11879143
11928716
11934323
11960580
12008750
12020273
12049533
12050193
12056932
12071824
12074273
12086152
12087194
12110946
12117362
12162770
12215093
12225002
12365911
12393396
12393490
12393505
12393511
12393540
12393545
12393546
12393698
12393718
12406889
12413008
12424194
12433263
12506038
12511408
12531813
12576314
12576319
12595305
12604421
12649144
12649162
12655141
12663448
12663458
12676774
12681974
12705793
12707079
12707098
12714505
12730114
12808265
12857562
12862311
12879954
1378323
14576901
14617673
14686752
15098611
15277732
15611820
15644573
15645653
15774523
15790667
16041174
1611188
16127220
2851587
7488049
7493035
7518679
7670563
7682196
7693128
7693129
7693130
7693131
7698759
7698774
7704024
7704029
7719333
7719337
7719340
7719343
7719344
7719345
7726911
7773290
7773297
7795221
7795241
7795636
7795640
7795648
7795652
7811247
7815466
7835884
7842011
7874163
7874164
7874165
7874167
7874169
7874170
7874174
7894481
7894484
7894485
7894491
7894492
7894493
7896280
7920660
7923934
7951315
7961597
8872461
8872463
8872466
8872472
8872473
8872475
8881457
8894686
8894687
8894688
8894692
8894696
8894698
8894703
8896556
8896560
8896562
8896567
8896568
8896569
8896572
8896573
8904900
8922999
8923000
8923001
8923010
8923011
8923014
8944018
8944027
8968741
8968742
8968758
8988164
8988165
8988166
8988167
8988170
8988171
8988172
8988180
9002665
9002678
9002682
9012689
9016526
9020840
9020843
9020844
9020846
9039332
9039340
9054934
9054935
9054938
9054950
9055797
9063734
9063735
9063746
9090376
9090383
9090384
9097956
9097958
9097960
9097962
9097963
9097969
9097971
9135696
9140387
9140396
9140397
9147638
9147640
9152628
9158138
9158139
9158140
9158144
9158146
9158148
9158149
9158150
9158151
9158154
9158159
9163587
9171822
9171831
9175734
9175738
9175743
9175744
9196614
9207403
9207787
9207788
9207796
9207799
9207800
9207801
9215670
9215671
9215674
9215679
9215682
9215684
9215686
9215689
9215690
9215749
9225235
9233560
9233561
9233562
9241263
9241266
9241275
9241277
9259266
9259268
9259269
9259271
9259286
9259288
9266920
9266932
9285776
9285782
9285784
9285787
9285788
9285796
9285800
9288091
9288096
9288098
9288099
9288108
9300653
9300656
9300659
9302260
9302262
9302264
9302275
9302278
9302279
9302281
9302363
9305655
9306341
9326924
9326933
9326936
9326939
9326940
9326942
9328469
9328472
9328473
9328481
9328482
9328483
9332310
9332319
9354782
9354783
9354785
9354786
9354791
9354794
9354798
9354802
9354803
9354806
9359528
9361030
9361032
9361033
9361038
9361039
9365366
9375743
9389851
9398836
9398852
9398858
9399842
9401060
9401066
9425223
9425226
9425227
9425228
9425231
9425234
9425237
9425888
9425889
9425890
9425895
9425897
9425899
9425900
9425907
9438006
9450787
9450794
9450796
9459358
9462735
9462747
9462749
9462750
9462751
9462754
9466990
9466995
9467005
9467006
9467010
9467011
9467018
9472666
9486400
9499414
9500540
9500542
