15831593
15831539
15908570
15930085
15930087
15937071
15944227
15964893
15980113
15994862
16055926
16055927
16055928
16085695
16107487
16118347
16151909
16155193
16155195
16169932
18024811
18349135
18285424
23129749
23230001
23298237
23298310
23324391
23356391
23429356
15994863
16033914
23440042
23587214
23621943
23634874
23649806
23656970
23718779
23897980
23940258
24215330
24252552
24314034
24330864
24336230
24351571
24370076
24479948
24562058
24708902
24758703
24827421
24884629
24884844
24886118
24894446
24958846
25066811
25086786
25168334
25219572
25225338
25233840
25234129
25236789
25249269
25253744
25258038
25267529
25303973
25338956
25373420
25373504
25385754
25388789
25391451
25404053
25410126
25421405
25425184
25425243
25425405
25433523
25476234
25491204
25491489
25494902
25496299
25497574
25530820
25612904
25776009
25869670
25918342
26008899
26075876
26096185
26202976
26216125
26304966
26386247
26462740
26581300
26783323
26802146
27066551
27066553
27066554
27066557
27082205
27094817
27120253
27164696
27164704
27242165
27281532
27281533
27325888
27432940
27629094
27647349
27676246
27767231
27930337
27974645
27992417
27994071
28011863
28011864
28018435
28026021
7794769
