10027709
10066032
10066037
10077730
10077734
10077735
10083733
10188893
10189089
10192456
10200350
10217436
10227563
10232400
10232402
10232403
10232404
10232405
10232406
10233227
10233272
10233365
10233432
10233434
10233898
10319582
10319583
10319591
10334478
10341858
10354117
10354118
10354128
10364682
10364683
10365365
10390011
10404462
10429361
10429368
10436378
10444183
10457135
10458483
10458491
10461019
10466411
10468877
10468915
10468986
10469281
10470409
10480214
10503604
10517250
10517660
10519994
10529625
10529627
10533829
10534569
10561721
10563480
10563488
10564334
10580570
10581255
10582612
10583217
10583218
10583221
10586261
10587015
10588527
10594843
10601588
10606845
10606883
10632938
10638982
10646887
10670750
10670762
10682662
10688828
10688845
10691853
10697967
10706027
10718838
10721675
10721676
10721678
10721679
10730767
10732761
10733238
10755399
10759702
10759881
10759956
10762295
10764043
10768621
10772390
10772391
10774989
10780518
10782015
10782016
10782018
10807536
10807542
10828047
10844410
10845569
10864200
10864201
10865320
10867787
10877552
10878478
10887115
10887119
10887125
10887149
10890722
10891444
10891452
10891990
10910929
10930571
10931102
10940383
10944848
10944854
10944855
10944856
10944860
10945658
10945663
10945669
10952777
10965217
10971094
10971341
10971458
10971459
10980774
10983956
10993647
10994546
10997552
10997982
10997988
11007980
11014387
11021476
11030797
11036800
11044805
11059536
11071144
11073170
11076045
11076046
11091187
11091192
11091194
11092390
11099667
11111238
11122100
11129996
11146721
11146732
11149618
11150885
11167760
11167768
11167783
11167856
11167982
11168522
11168576
11168790
11173967
11176968
11185740
11185742
11185745
11185747
11192530
11201048
11213811
11216660
11241840
11241842
11241844
11241845
11241846
11241847
11241849
11241851
11241852
11244211
11251574
11251584
11260213
11260228
11260229
11260230
11260231
11260232
11279660
11284764
11289719
11295830
11295831
11295836
11295837
11298551
11298777
11317350
11317352
11317357
11317364
11317365
11318785
11328279
11336399
11346368
11359069
11359398
11359464
11359465
11359470
11359471
11372770
11379896
11380424
11380446
11380452
11380459
11380500
11380707
11380921
11385708
11385709
11385710
11385711
11385712
11385715
11385718
11405816
11422119
11423760
11438988
11438989
11438999
11439001
11442475
11453972
11453975
11453977
11456260
11459326
11460510
11461073
11462234
11462235
11462237
11462239
11470272
11472359
11484669
11493318
11524734
11524735
11524736
11524737
11524739
11524741
11524742
11529858
11531804
11552992
11553050
11555397
11556836
11559313
11564077
11580756
11589680
11598371
11668501
11668615
11668618
11668620
11668621
11668622
11668628
11668632
11668633
11668634
11668638
11668639
11668642
11668644
11683776
11685453
11686910
11692163
11692167
11700157
11700162
11702206
11702213
11702214
11702217
11702223
11702224
11703337
11707265
11709001
11710890
11710892
11720435
11722414
11722423
11722436
11722440
11735023
11735024
11735029
11735031
11735032
11736760
11744994
11745002
11745420
11746135
11748841
11748844
11748846
11748848
11748852
11748856
11748858
11748859
11754098
11754100
11754102
11754104
11754111
11754112
11754114
11762699
11771666
11786921
11787037
11793119
11793467
11793473
11793480
11793485
11802208
11802209
11807791
11810218
11810270
11810271
11810292
11810299
11810641
11810645
11815963
11831930
11841437
11842279
11843700
11843825
11844917
11846737
11847467
11849230
11857735
11857736
11857740
11857745
11857748
11857750
11857752
11857754
11868598
11869205
11869378
11879142
11879143
11886460
11896312
11901270
11903354
11903360
11907649
11913564
11913567
11918550
11920458
11920621
11920643
11920901
11928716
11929097
11930274
11933197
11933198
11933199
11933202
11933205
11933206
11933207
11933208
11934323
11935322
11935326
11935335
11935338
11940084
11940089
11941477
11941488
11948460
11956590
11960580
11961232
11961248
11966689
11966739
11968079
11968083
11968084
11968085
11968089
11968093
11968094
11982911
11990248
11994137
12000363
12000366
12000368
12001124
12001203
12006711
12007219
12007223
12008750
12010428
12012274
12016470
12016472
12016484
12020273
12026244
12028042
12030901
12030902
12037434
12049533
12050193
12056932
12059893
12060124
12060139
12060141
12065946
12067718
12071824
12072055
12072061
12072062
12073007
12073011
12073012
12073014
12073015
12073025
12074273
12075485
12081718
12081720
12086152
12087194
12100162
12107442
12107443
12108687
12110946
12111371
12112211
12112654
12112655
12112656
12112657
12112660
12112661
12112662
12112663
12112668
12115348
12117362
12118338
12121354
12123485
12123492
12124814
12124991
12124993
12124997
12124998
12139570
12139571
12146805
12149765
12162387
12162500
12162770
12181027
12181054
12198657
12199804
12203987
12203992
12203994
12203996
12203997
12204004
12204005
12204006
12204007
12204008
12209523
12211444
12215093
12215822
12215836
12216071
12220445
12222711
12225002
12235545
12297837
12325025
12325031
12325033
12353310
12355493
12358944
12363109
12365911
12366770
12368987
12368989
12368990
12372054
12372055
12372056
12372064
12376807
12376891
12380696
12381896
12385017
12391599
12393396
12393490
12393505
12393511
12393540
12393545
12393546
12393698
12393718
12402332
12402333
12402334
12402336
12402338
12402343
12402344
12402346
12402348
12403553
12406889
12407086
12413008
12424194
12430674
12433263
12434890
12436451
12437656
12442266
12442273
12442274
12442275
12442277
12442278
12442280
12442283
12442285
12442286
12446987
12447957
12460147
12461329
12472587
12480761
12485192
12491499
12492584
12492590
12494471
12497638
12497640
12503095
12503101
12506038
12509859
12509863
12511408
12512750
12519373
12522785
12522797
12531813
12542500
12542741
12548737
12552556
12552561
12552564
12552565
12552568
12552569
12552570
12557291
12557299
12558637
12567406
12567411
12567415
12567420
12568416
12576314
12576319
12580936
12580951
12588349
12588351
12592048
12594833
12595305
12599189
12599199
12601710
12604421
12605435
12605438
12614216
12614224
12630957
12630959
12630967
12630968
12632105
12641622
12649144
12649162
12653749
12655141
12655490
12655547
12655555
12655557
12655560
12655562
12655563
12655565
12655566
12655567
12655568
12655572
12655573
12655576
12663448
12663458
12666119
12670350
12673664
12673790
12673793
12673799
12673801
12673802
12676774
12681974
12687660
12693506
12694232
12694234
12699446
12699448
12702168
12702169
12705793
12707079
12707098
12707946
12707948
12707950
12707952
12714505
12716377
12730114
12730996
12731001
12752575
12754701
12754703
12754706
12754708
12754709
12754710
12754711
12754713
12756024
12757471
12759930
12766194
12784092
12784289
12784301
12784308
12786840
12791038
12794685
12808265
12815595
12815605
12823585
12823750
12823753
12828738
12833403
12833416
12833420
12838518
12838553
1284474
1284475
12845244
12845657
12851297
12851728
12857562
12859407
12859409
12859414
12862311
12864797
12864806
12871325
12871326
12871327
12871337
12871379
12871478
12871526
12872251
12872255
12872263
12872264
12872265
12872266
12872267
12877697
12879954
12884424
12884427
12884430
12889082
12890155
12890191
12890194
12890216
12890928
12891677
12891678
12891679
12891685
12899723
12899725
12900894
12900898
12900899
12900906
12905494
12910435
12910497
12919134
12919135
12919139
12919140
12919143
12919145
12919402
12929941
12930313
12930328
12930399
12930401
12931042
12932250
12938083
12938084
12938087
12938096
12938097
12938098
12939738
12949970
12950347
12950349
12950350
12953159
12953260
12953268
12953275
12955714
12955715
12955716
12955719
12955723
12955724
12956773
12964020
12966523
12966526
12974739
12975783
1301191
1301204
1301926
1301934
1301935
1301943
1301946
1301948
1301953
1301954
1301957
13130483
13130484
13130485
1338764
1358935
1360898
1362925
1372927
1378323
1379744
1380725
1382994
1419803
1419804
1424203
1424233
14507403
14508795
14510799
14510822
14510914
14510916
14510959
14510977
14511309
14516425
1451784
14517945
14517946
14517948
14517949
14517951
14517956
14517958
14517959
14517961
14517962
14517963
14520662
14520694
14521598
14531918
14556245
14556251
14571009
14576901
14584079
14584882
14584883
14587045
14595646
14595660
14598234
14598341
14608643
14608649
14610352
14612970
14616764
14617013
14617022
14617673
14623934
14629469
14629473
14629479
14630904
14630905
14632784
14635101
14635103
14635104
14635105
14635112
14635114
14635116
14635117
14635118
14635119
14635203
14635206
14644427
14646391
14648706
14651550
14652441
14654969
14656244
14672344
14674887
14675368
14675861
14676460
14678125
14678285
14681759
14681881
14681882
14681890
14681895
14686752
14687034
14695530
14695535
14695538
14695539
14695540
14695542
14705814
14708104
14717781
14722913
14722917
14722918
14722919
14722920
14722923
14722925
14722926
14723728
14723729
14732925
14735582
14745940
14746569
14755371
14755465
14755477
14755719
14755720
14755725
14756672
1482661
1486044
14871447
14961552
14961557
14961559
14961560
14961575
14974078
14974080
14974082
14974086
14974087
14974089
14974090
14974091
14974914
14978697
14979399
14981718
14984468
14984470
14986827
14986828
14987259
14991577
14991915
14994233
14994241
14994243
14994245
14996011
15004464
15005845
15009107
15009117
15009222
15009458
15016149
15024723
15024727
15024729
15024732
15024737
15024739
15024740
15024741
15024743
15024745
15024746
15028050
15030501
15031772
15031774
15032977
15032979
15032980
15039969
15048894
15048902
15049962
15054810
15054837
15054843
15054848
15057895
15057977
15059149
15086325
1509263
15098611
15099289
15099344
15099345
15099349
15099359
15099360
15099398
15101044
15101046
15103729
15106082
15108203
15108208
15108212
15108279
15108280
15108282
15108285
15108286
15108288
15108289
15108291
15108292
15108294
15108295
15111626
15111628
15122587
15122701
15122708
15122711
15122722
15127317
15138616
15139006
15140024
15140129
15142124
15142125
15146436
15146459
15146461
15146463
15146469
15146470
15146472
15146475
15146556
15146557
15150774
15150775
15150776
15150778
15151504
15162062
15164384
15166293
1516702
15174025
15176995
15178966
15183431
15186324
15186327
15188372
15190891
15198740
15200509
15200513
15211631
15211648
15211654
15211655
15211666
15214004
15214011
15214013
15214016
15214020
15216446
15216552
15216558
15219197
15219201
15221788
15221792
15221796
15221797
15221799
15222003
15236319
15236405
15238143
15238149
15239083
15241794
15241795
15241796
15241802
15241807
15248097
15248101
15253764
15253765
15264278
15264286
15264290
15264295
15264296
15266615
15266624
15272895
15274044
15277732
15281981
15287948
15289847
15293273
15296495
15300742
15300849
15300853
15300854
15300855
15300858
15303806
15304120
15305106
15307115
15316962
15319541
15324319
15324322
15329070
15334500
15334515
15347338
15347341
15347343
15349860
15349870
15349871
15349879
15355437
15358555
15365988
15365989
15365991
15365993
15365995
15365996
15366000
15368500
15372512
15372529
15372531
15375602
15377356
15378534
15382066
15384080
15384097
15384103
15384984
15384986
15389709
15389992
15390021
1544214
15446584
15455397
15455402
15455439
15456489
15456491
15457465
15457499
15459957
15459959
15459969
15459970
15459972
15459974
15459975
15461624
15461630
15468086
15469427
15469450
15470753
15473885
15479192
15488030
15491302
15491396
15491419
15492850
15495235
15495251
15504163
15505824
1550780
15521065
15521956
15521976
15521985
15523615
15523619
15523624
15523626
15523639
15523642
15526954
15527432
15532023
15532032
15550025
15551259
15551332
15551337
15551405
15556047
1555650
15558842
15565656
15566413
15578576
15578616
15579196
15580559
15580564
15580566
15584030
15593183
15593220
1559571
15595939
15602758
15605408
15605410
15605411
15605412
15605413
15605415
15606373
15606524
15609274
15611820
15611902
15613026
15613050
15613099
15615874
15617548
15617552
15617556
15622525
15622532
15622542
15628326
1563081
15633192
15634267
15634284
15635662
15637709
15637712
15637728
15637732
15641026
15643602
15643603
15643614
15643621
15644573
15645494
15645653
15654694
15660777
15661019
15661025
15661030
15661032
15662685
15663507
15666299
15666309
15666366
15667412
15667541
15668942
15670191
15670192
15679831
1568736
15690351
15690376
15690381
15690404
15690409
15691362
15691364
15691365
15712223
15712227
15712270
15712271
15712272
15712338
15712364
15712365
15712379
15712380
15714005
15720303
15720451
15723327
15723349
15723871
15725095
15725251
15730416
15732097
15732101
15732120
15733269
15733276
15736220
15736221
15742365
15742474
15744830
15748237
15748238
15748260
15748264
15759264
15761860
15761864
15774523
15775720
15776426
15776428
15776429
15776430
15776434
15784129
15787664
15790667
15793838
15799735
15800903
15804303
15807690
15807691
15807819
15807871
15809997
15810001
15810002
15810881
1581218
1581238
15812812
15813858
15813912
15813913
15819676
15824851
15824861
15831539
15831593
15832305
15832315
15840095
15840119
15840128
15841457
15841479
15841480
15841481
15841482
15841483
15841484
15841486
15841487
15841490
15842522
15842668
15845029
15847661
15849733
15852365
15852392
15853823
15857420
15857422
15858810
15858823
15860922
15870493
15876275
15877619
15880681
15880723
15880747
15880785
15884018
15884040
15887246
15887277
15888165
15888189
15892853
15892863
15895462
15908570
15912478
15925895
15930085
15930087
15931687
15937071
15940693
15940695
15940701
15942264
15942939
15942952
15942953
15944227
15944772
15944907
15944908
15945070
15946231
15948193
15948199
15948788
15948974
15952209
15952210
15952982
15952992
15953013
15953014
15953085
15953334
15954102
15954112
15957158
15959873
15963062
15964893
15965979
15971231
15980113
15981244
15982340
15994862
15994863
15996210
15996218
16000134
16006781
16007631
16010674
16024935
16025401
16029325
16029460
16033914
16037974
16041174
16042697
16044454
16045695
16045696
16047344
16049940
16055926
16055927
16055928
16060907
1606711
16078201
16085695
16086317
16086322
16086360
16086746
16088863
16088906
16088908
16088909
16088911
16088915
16088919
16088920
16088922
16088933
16088935
16097002
16097004
16097006
16097008
16098012
16098079
16100729
16103636
16104968
16107487
16110494
1611188
16114042
16115133
16115142
16116052
16116617
16118347
16120155
16127220
16127278
16127685
16128900
16130093
16134146
16134147
16134148
16134168
16138908
16142346
16145681
16145689
16151909
16151980
16152648
16152649
16155193
16155195
16158428
16158429
16163667
16164574
16167277
16169932
18024811
18275685
18285424
18349135
23129749
23230001
23298237
23298310
23324391
23356391
23429356
23440042
23587214
23621943
23634874
23649806
23656970
23718779
23897980
23940258
24215330
24252552
24314034
24330864
24336230
24351571
24370076
24479948
24562058
24708902
24758703
24827421
24884629
24884844
24886118
24894446
24958846
25066811
25086786
25168334
25219572
25225338
25233840
25234129
25236789
25249269
25253744
25258038
25267529
25303973
25338956
25373420
25373504
25385754
25388789
25391451
25404053
25410126
25421405
25425184
25425243
25425405
25433523
25476234
25491204
25491489
25494902
25496299
25497574
25530820
25612904
25776009
25869670
25918342
26008899
26075876
26096185
26202976
26216125
26304966
26386247
26462740
26581300
26783323
26802146
27066551
27066553
27066554
27066557
27082205
27094817
27120253
27164696
27164704
27242165
27281532
27281533
27325888
27432940
27629094
27647349
27676246
27767231
27930337
27974645
27992417
27994071
28011863
28011864
28018435
28026021
2851587
7488049
7493035
7518679
7629248
7670563
7682196
7693128
7693129
7693130
7693131
7698759
7698774
7704024
7704029
7719333
7719337
7719340
7719343
7719344
7719345
7726911
7773290
7773297
7794769
7795221
7795241
7795636
7795640
7795648
7795652
7811247
7815466
7835884
7842011
7874163
7874164
7874165
7874167
7874169
7874170
7874174
7894481
7894484
7894485
7894491
7894492
7894493
7896280
7920660
7923934
7951315
7961597
8872461
8872463
8872466
8872472
8872473
8872475
8881457
8894686
8894687
8894688
8894692
8894696
8894698
8894703
8896556
8896560
8896562
8896567
8896568
8896569
8896572
8896573
8904900
8922999
8923000
8923001
8923010
8923011
8923014
8944018
8944027
8968741
8968742
8968758
8988164
8988165
8988166
8988167
8988170
8988171
8988172
8988180
9002665
9002678
9002682
9012689
9016526
9020840
9020843
9020844
9020846
9039332
9039340
9054934
9054935
9054938
9054950
9055797
9063734
9063735
9063746
9090376
9090383
9090384
9097956
9097958
9097960
9097962
9097963
9097969
9097971
9135696
9140387
9140396
9140397
9147638
9147640
9152628
9158138
9158139
9158140
9158144
9158146
9158148
9158149
9158150
9158151
9158154
9158159
9163587
9171822
9171831
9175734
9175738
9175743
9175744
9196614
9207403
9207787
9207788
9207796
9207799
9207800
9207801
9215670
9215671
9215674
9215679
9215682
9215684
9215686
9215689
9215690
9215749
9225235
9233560
9233561
9233562
9241263
9241266
9241275
9241277
9259266
9259268
9259269
9259271
9259286
9259288
9266920
9266932
9285776
9285782
9285784
9285787
9285788
9285796
9285800
9288091
9288096
9288098
9288099
9288108
9300653
9300656
9300659
9302260
9302262
9302264
9302275
9302278
9302279
9302281
9302363
9305655
9306341
9326924
9326933
9326936
9326939
9326940
9326942
9328469
9328472
9328473
9328481
9328482
9328483
9332310
9332319
9354782
9354783
9354785
9354786
9354791
9354794
9354798
9354802
9354803
9354806
9359528
9361030
9361032
9361033
9361038
9361039
9365366
9375743
9389851
9398836
9398852
9398858
9399842
9401060
9401066
9425223
9425226
9425227
9425228
9425231
9425234
9425237
9425888
9425889
9425890
9425895
9425897
9425899
9425900
9425907
9438006
9450787
9450794
9450796
9459358
9462735
9462747
9462749
9462750
9462751
9462754
9466990
9466995
9467005
9467006
9467010
9467011
9467018
9472666
9486400
9499414
9500540
9500542
